[gd_scene load_steps=3 format=2]

[ext_resource path="res://assets/gameplay-camera/gameplay_camera.gd" type="Script" id=1]
[ext_resource path="res://assets/gameplay-camera/aim.png" type="Texture" id=2]

[node name="cameraPivot" type="Spatial"]
transform = Transform( 1, 0, 0, 0, 0.573576, 0.819152, 0, -0.819152, 0.573576, 0, 0, 0.0998206 )
script = ExtResource( 1 )

[node name="Camera" type="Camera" parent="."]
transform = Transform( 1, 0, 0, 0, 0.996195, 0.0871558, 0, -0.0871558, 0.996195, 0, 0, 15 )
current = true
size = 20.0

[node name="Sprite3D" type="Sprite3D" parent="Camera"]
transform = Transform( 1, 0, 0, 0, 0.996195, -0.0871557, 0, 0.0871557, 0.996195, 0, 0.421916, -5.24359 )
visible = false
opacity = 0.7
texture = ExtResource( 2 )

[node name="RayCast" type="RayCast" parent="."]
transform = Transform( 1, 0, 0, 0, 0.999792, 0, 0, 0, 0.999792, 0, 7.30157e-07, 15 )
enabled = true
cast_to = Vector3( 0, 0, -25 )
debug_shape_thickness = 5.0
