[gd_scene load_steps=4 format=2]

[ext_resource path="res://assets/mobile-camera/mobile_camera.gd" type="Script" id=1]
[ext_resource path="res://assets/mobile-camera/aim.png" type="Texture" id=2]

[sub_resource type="CylinderShape" id=1]
radius = 3.5
height = 21.4383

[node name="cameraPivot" type="Spatial"]
transform = Transform( 1, 0, 0, 0, 0.573576, 0.819152, 0, -0.819152, 0.573576, 0, 0, 0.0998206 )
script = ExtResource( 1 )

[node name="Area" type="Area" parent="."]
transform = Transform( 1, 0, 0, 0, 0.573576, -0.819152, 0, 0.819152, 0.573576, 0, 0, 0 )
input_ray_pickable = false
monitoring = false

[node name="CollisionShape" type="CollisionShape" parent="Area"]
shape = SubResource( 1 )

[node name="Sprite3D" type="Sprite3D" parent="."]
transform = Transform( 5, 0, 0, 0, 5, 0, 0, 0, 1, 0, 0, 0 )
visible = false
opacity = 0.7
texture = ExtResource( 2 )

[node name="Camera" type="Camera" parent="."]
transform = Transform( 1, 0, 0, 0, 0.996195, 0.0871558, 0, -0.0871558, 0.996195, 0, 0, 15 )
current = true
size = 20.0

[connection signal="body_entered" from="Area" to="." method="_on_Area_body_entered"]
[connection signal="body_exited" from="Area" to="." method="_on_Area_body_exited"]
